#Epoch MJD Freq(GHz) Flux(mJy) eFlux(mJy) Day
1 58726.03 1.26 0 0 1
1 58726.03 1.78 0 0 1
1 58726.03 5.00 0.792 0.0167 1
1 58726.03 7.00 2.347 0.0167 1

2 58730.09 1.26 3.726 0.0999 5
2 58730.09 1.78 13.935 0.0686 5
2 58730.09 5.00 43.481 0.0188 5
2 58730.09 7.00 44.617 0.0173 5

3 58731.03 1.26 9.056 0.0767 6
3 58731.03 1.78 21.095 0.0575 6
3 58731.03 5 46.089 0.0152 6
3 58731.03 7 46.173 0.0177 6

4 58734.05 1.26 28.299 0.113 9
4 58734.05 1.78 40.969 0.0473 9
4 58734.05 5 51.109 0.0182 9
4 58734.05 7 48.928 0.0166 9

5 58736.998 1.26 44.149 0.0738 12
5 58736.998 1.78 48.948 0.0456 12
5 58736.998 5 48.743 0.0175 12
5 58736.998 7 44.354 0.0194 12

6 58739.01 1.26 44.673 0.0689 14
6 58739.01 1.78 46.261 0.0449 14
6 58739.01 5 44.006 0.0185 14
6 58739.01 7 39.889 0.017 14

7 58744.08 1.26 44.662 0.0915 19
7 58744.08 1.78 42.95 0.0564 19
7 58744.08 5 36.228 0.0146 19
7 58744.08 7 31.918 0.016 19

8 58748.96 1.26 38.894 0.0596 23
8 58748.96 1.78 34.182 0.0434 23
8 58748.96 5 27.115 0.0163 23
8 58748.96 7 23.488 0.0155 23

9 58750.96 1.26 35.302 0.054 25
9 58750.96 1.78 31.103 0.041 25
9 58750.96 5 24.826 0.0148 25
9 58750.96 7 21.178 0.0167 25

10 58756.94 1.26 31.53 0.057 31
10 58756.94 1.78 26.965 0.0434 31
10 58756.94 5 21.189 0.0157 31
10 58756.94 7 17.238 0.0168 31

11 58760.98 1.26 30.845 0.0639 35
11 58760.98 1.78 25.987 0.0473 35
11 58760.98 5 19.963 0.0146 35
11 58760.98 7 16.361 0.015 35

12 58764.98 1.26 30.091 0.0821 39
12 58764.98 1.78 25.301 0.0447 39
12 58764.98 5 18.947 0.0157 39
12 58764.98 7 15.477 0.0163 39

13 58767.95 1.26 30.41 0.077 42
13 58767.95 1.78 25.553 0.0586 42
13 58767.95 5 18.68 0.0148 42
13 58767.95 7 15.28 0.0146 42
 
14 58773.96 1.26 29.529 0.0652 48
14 58773.96 1.78 24.615 0.0403 48
14 58773.96 5 17.286 0.0155 48
14 58773.96 7 13.943 0.0141 48

15a 58789.87 1.26 22.258 0.136 64
15a 58789.87 1.78 19.206 0.0762 64
15a 58789.87 5 12.375 0.0389 64
15a 58789.87 7 10.165 0.0248 64

15b 58789.9 13.5 7.539 0.0135 64
15b 58789.9 16.4 7.17 0.0142 64
15b 58789.9 29.6 6.006 0.0481 64
15b 58789.9 35 5.994 0.0521 64

16a 58806.83 1.26 12.39 1.01 80
16a 58806.83 1.78 12.192 0.318 80
16a 58806.83 5 7.809 0.0276 80
16a 58806.83 7 6.682 0.0219 80

16b 58810.86 13.5 4.623 0.0151 85
16b 58810.86 16.5 4.397 0.0144 85
16b 58810.86 29.5 3.49 0.0284 85
16b 58810.86 35 3.175 0.0329 85

17 58827.83 1.26 8.944 0.585 102
17 58827.83 1.74 7.462 0.255 102
17 58827.83 5 4 0.0234 102
17 58827.83 7 3.903 0.0227 102
17 58827.83 13.5 3.221 0.0162 102
17 58827.83 16.5 3.081 0.018 102
17 58827.83 29.5 2.04 0.0388 102
17 58827.83 35 1.928 0.0458 102

18 58852.75 1.26 0 0 127
18 58852.75 1.74 0 0 127
18 58852.75 5 2.452 0.0249 127
18 58852.75 7 2.263 0.019 127
18 58852.75 13.5 1.781 0.0149 127
18 58852.75 16.5 1.73 0.0157 127
18 58852.75 29.5 1.451 0.0323 127
18 58852.75 35 1.283 0.037 127

19 58905.51 1.26 2.049 0.307
19 58905.51 1.74 1.181 0.13
19 58905.51 5 0.831 0.0145
19 58905.51 7 0.798 0.0138
19 58905.51 13.5 0.715 0.0114
19 58905.51 16.5 0.659 0.0115
19 58905.51 29.5 0.552 0.026
19 58905.51 35 0.585 0.0311

20 58947.41 1.26 1.537 0.0351
20 58947.41 1.74 0.355 0.134
20 58947.41 5 0.379 0.0113
20 58947.41 7 0.44 0.0134
20 58947.41 13.5 0.393 0.0109
20 58947.41 16.5 0.354 0.0126
20 58947.41 29.5 0.353 0.0278
20 58947.41 35 0.278 0.0309

21 58990.28 1.26 0.223 0.387
21 58990.28 1.78 0.21 0.112
21 58990.28 5 0.269 0.0146
21 58990.28 7 0.269 0.0119
21 58990.28 13.5 0.231 0.0121
21 58990.28 16.5 0.215 0.135
21 58990.28 29.5 0.146 0.0225
21 58990.28 35 0.128 0.0301

22 59050.18 1.26 0.0371 0.121
22 59050.18 1.78 0.211 0.0449
22 59050.18 5 0.168 0.0159
22 59050.18 7 0.14 0.0144
22 59050.18 13.5 0.137 0.0115
22 59050.18 16.5 0.127 0.0154
22 59050.18 29.5 0.163 0.037
22 59050.18 35 0.174 0.0432

23 59128.01 1.26 0.0976 0.0826
23 59128.01 1.78 0.0724 0.0422
23 59128.01 5 0.141 0.0162
23 59128.01 7 0.103 0.14
23 59128.01 13.5 0.0849 0.0106
23 59128.01 16.5 0.087 0.0108
23 59128.01 29.5 0.0934 0.0306
23 59128.01 35 0.108 0.0328

24 59258.56 1.26 0.0985 0.0258
24 59258.56 1.78 0.101 0.0194
24 59258.56 5 0.0543 0.0074
24 59258.56 7 0.0424 0.0071